spawns:
  default:
    world: 65687d50-08cd-45f0-88e6-1c9a9b15d682
    world-name: world
    x: -21.5
    y: 66.0625
    z: -68.5
    yaw: 134.71583557128906
    pitch: 0.44990915060043335
