world: 65687d50-08cd-45f0-88e6-1c9a9b15d682
world-name: world
x: -53.735270356512004
y: 64.0
z: 36.76067080625069
yaw: 22.65479850769043
pitch: -1.9500969648361206
name: Arena
lastowner: a330250f-0159-4f49-929d-d59e2b883264
