world: 65687d50-08cd-45f0-88e6-1c9a9b15d682
world-name: world
x: -81.5
y: 69.0
z: 91.5
yaw: 11.554534912109375
pitch: -0.900097131729126
name: Mines
lastowner: a330250f-0159-4f49-929d-d59e2b883264
